Euler
[0.9900000000000007 , 1.388709198864032 -0.30263193019932916 ]
[1.9900000000000015 , 0.4981958315789182 -1.3387313222544912 ]
[2.9899999999999802 , -0.861586089036513 -1.148292379113695 ]
[3.989999999999959 , -1.4389515976426452 0.10505086894000314 ]
[4.989999999999938 , -0.6925678828131816 1.273925690316826 ]
[5.989999999999917 , 0.7012303404363228 1.277475139545681 ]
[6.989999999999895 , 1.4611182888577345 0.10070849730888863 ]
[7.989999999999874 , 0.8786098919516702 -1.1809361233416014 ]
[8.989999999999853 , -0.521563802265817 -1.3843084629830518 ]
[9.989999999999831 , -1.4538982142764794 -0.3106618221316094 ]
50.921801482285076

ReverseEuler

[0.9900000000000007 , 1.374891998861273 -0.29962084198143213 ]
[1.9900000000000015 , 0.48833138145919386 -1.3122239781238918 ]
[2.9899999999999802 , -0.8361236259738973 -1.1143568819413108 ]
[3.989999999999959 , -1.3825322633438444 0.10093196730160509 ]
[4.989999999999938 , -0.6587925954656938 1.2117986305475765 ]
[5.989999999999917 , 0.6603958455486271 1.2030843879668505 ]
[6.989999999999895 , 1.3623424305547953 0.09390030913141868 ]
[7.989999999999874 , 0.8110623973844059 -1.0901457997788766 ]
[8.989999999999853 , -0.47667556889160145 -1.2651683672203937 ]
[9.989999999999831 , -1.3155480835784896 -0.2810998464219318 ]
49.602627675434604

Trapezoid

[0.9900000000000007 , 1.381775800329404 -0.30115716432459233 ]
[1.9900000000000015 , 0.4931726806164124 -1.3254360441355217 ]
[2.9899999999999802 , -0.8488442108868658 -1.1311337258007466 ]
[3.989999999999959 , -1.41044955396556 0.10311186022168511 ]
[4.989999999999938 , -0.675313862272988 1.2425583235494282 ]
[5.989999999999917 , 0.6806928092409903 1.2396198205287252 ]
[6.989999999999895 , 1.4108831973332754 0.09699795607484372 ]
[7.989999999999874 , 0.8439338670233967 -1.1348020215398795 ]
[8.989999999999853 , -0.4989125330721933 -1.3232861687267699 ]
[9.989999999999831 , -1.3830680479975792 -0.2951656731536711 ]
17.999609608804164

RungeKutta

[0.9900000000000007 , 1.3829264705979902 -0.30141398804812997 ]
[1.9900000000000015 , 0.49398423276450315 -1.3276509981250328 ]
[2.9899999999999802 , -0.8509830885931354 -1.1339543780602608 ]
[3.989999999999959 , -1.4151570349890532 0.1034797156134092 ]
[4.989999999999938 , -0.6781074632260256 1.247760426748179 ]
[5.989999999999917 , 0.6841358417401698 1.2458161561906897 ]
[6.989999999999895 , 1.4191400042543614 0.09752402321481557 ]
[7.989999999999874 , 0.8495406435388057 -1.1424207385967715 ]
[8.989999999999853 , -0.5027183301971325 -1.3332289831464559 ]
[9.989999999999831 , -1.394653833134012 -0.29757748225804975 ]
19.921636979121697

PredictorCorrectorEulerReverseEuler

[0.9900000000000007 , 1.3748906239699583 -0.2996205423607391 ]
[1.9900000000000015 , 0.48833040479740536 -1.3122213536785525 ]
[2.9899999999999802 , -0.8361211176067749 -1.1143535388756707 ]
[3.989999999999959 , -1.3825267332258333 0.1009315635745408 ]
[4.989999999999938 , -0.6587893015109422 1.2117925715695508 ]
[5.989999999999917 , 0.6603918831854252 1.2030771694821534 ]
[6.989999999999895 , 1.3623328941911264 0.09389965183155548 ]
[7.989999999999874 , 0.8110559089111604 -1.0901370786473323 ]
[8.989999999999853 , -0.47667127883077 -1.2651569807562908 ]
[9.989999999999831 , -1.3155349281633861 -0.28109703543751624 ]
49.610780540724924

PredictorCorrectorEulerTrapezoid

[0.9900000000000007 , 1.3817684438777877 -0.3011917454108289 ]
[1.9900000000000015 , 0.49310653313125447 -1.3254610318615654 ]
[2.9899999999999802 , -0.848929359756482 -1.131070485046803 ]
[3.989999999999959 , -1.410439941205231 0.1032529527615687 ]
[4.989999999999938 , -0.6751589630646305 1.2426435026165195 ]
[5.989999999999917 , 0.6808792505665054 1.2395186348539655 ]
[6.989999999999895 , 1.4109013844862035 0.09675114086133671 ]
[7.989999999999874 , 0.8437077391242227 -1.1349719163688077 ]
[8.989999999999853 , -0.4992108139977177 -1.323175371291647 ]
[9.989999999999831 , -1.3831435232798397 -0.2948202740912988 ]
18.2265776640132
